   40
    1  1452    10
   49  1565     4
   35  1588     7
   83  1319     3
   75  1436     6
   64  1434     7
   20  1573     5
   84  1427    10
   31  1593     5
   88  1432    10
   27  1428     2
   88  1549     1
   21  1565     7
   32  1312     7
   12  1614     2
   20  1362     8
   26  1643     3
   64  1536     8
    6  1372     8
   11  1490     8
   54  1631    10
    2  1338     1
   21  1336     1
   94  1487     3
   44  1361     6
   19  1363     7
   45  1583     2
    6  1652     4
   61  1396     6
   41  1376     5
   45  1319     7
   86  1369     4
   98  1341     4
   45  1434     9
   66  1319     5
   77  1296     6
   76  1644     1
   64  1418     9
   31  1421     9
   25  1338     4
48
  0   5
  0  11
  0  30
  1  25
  2   4
  2   7
  2   9
  2  18
  3  26
  3  29
  4  36
  5  17
  5  27
  6  13
  6  27
  6  32
  6  34
  7  13
  7  18
  7  31
  7  35
  8  11
  8  23
  8  34
  9  11
  9  35
 11  22
 11  32
 13  15
 13  37
 14  19
 15  31
 16  18
 16  19
 17  22
 17  33
 17  39
 18  34
 19  28
 20  29
 21  28
 22  38
 23  36
 23  37
 24  29
 25  32
 29  36
 32  33
